Infections,Deaths,Recoveries,Active,New Infections,Hospital,Hospital Queue
1,0,0,1,0,0,0
1,0,0,1,0,0,0
10,0,0,10,9,9,0
30,0,0,30,20,29,0
64,0,0,64,34,63,0
107,0,0,107,43,106,0
154,0,0,154,47,153,0
207,0,0,207,53,206,0
256,0,0,256,49,255,0
322,0,0,322,66,321,0
381,0,0,381,59,380,0
457,0,0,457,76,456,0
563,0,0,563,106,561,1
678,0,0,678,115,677,0
796,0,0,796,118,795,0
958,0,1,957,162,957,0
1079,0,1,1078,121,1001,77
1239,0,10,1229,160,1001,228
1540,1,29,1510,301,1004,506
1982,2,62,1918,442,1016,902
2677,2,105,2570,695,1056,1514
3686,4,150,3532,1009,1180,2352
5046,6,201,4839,1360,1300,3539
6963,9,247,6707,1917,1528,5179
9823,11,311,9501,2860,1907,7594
14081,14,367,13700,4258,2498,11202
20304,18,439,19847,6223,3474,16373
29587,27,536,29024,9283,4878,24146
42939,39,639,42261,13352,6801,35460
61963,48,748,61167,19024,9310,51857
87334,56,902,86376,25371,10000,76376
121678,89,990,120599,34344,10000,110599
166312,220,1019,165073,44634,10000,155073
220973,511,1029,219433,54661,10000,209433
287564,939,1043,285582,66591,10000,275582
371923,1567,1110,369246,84359,10000,359246
484235,2463,1223,480549,112312,10000,470549
633320,3487,1559,628274,149085,10000,618491
826114,4330,2633,819151,192794,10000,810023
1057684,4598,5225,1047861,231570,10000,1040142
1305314,4828,9253,1291233,247630,10000,1286128
1537318,5176,15128,1517014,232004,10000,1516061
1719517,5700,23887,1689930,182199,10000,1695753
1845334,6395,36544,1802395,125817,10000,1818417
1920287,8096,53867,1858324,74953,10000,1889277
1960849,13828,73506,1873515,40562,10000,1923851
1981228,23490,98188,1859550,20379,10000,1934854
1991093,32701,133611,1824781,9865,10000,1934719
1995843,36441,184532,1774870,4750,10000,1929469
1998094,39782,247782,1710530,2251,10000,1921720
1999078,43975,327948,1627155,984,10000,1912704
1999531,49464,434771,1515296,453,10000,1903157
1999764,56905,576415,1366444,233,10000,1893390
1999863,66365,759749,1173749,99,10000,1883489
1999913,77682,980002,942229,50,10000,1873539
1999936,89842,1215472,694622,23,10000,1863562
1999946,101163,1436155,462628,10,10000,1853572
1999952,110225,1609292,280435,6,10000,1843578
1999955,116486,1728848,154621,3,10000,1833581
1999956,120166,1800121,79669,1,10000,1823582
1999957,122244,1838605,39108,1,10000,1813583
1999958,123285,1857943,18730,1,10000,1803584
1999958,123833,1867260,8865,0,10000,1793584
1999958,124094,1871749,4115,0,10000,1783584
