Infections,Deaths,Recoveries,Active,New Infections,Hospital,Hospital Queue
1,0,0,1,0,0,0
1,0,0,1,0,0,0
1,0,0,1,0,0,0
1,0,0,1,0,0,0
3,0,0,3,2,2,0
7,0,0,7,4,6,0
9,0,0,9,2,8,0
14,0,0,14,5,13,0
27,0,0,27,13,26,0
31,0,0,31,4,30,0
32,0,0,32,1,31,0
34,0,0,34,2,33,0
41,0,0,41,7,40,0
47,0,0,47,6,46,0
55,0,0,55,8,54,0
63,0,1,62,8,62,0
75,0,1,74,12,74,0
86,0,1,85,11,85,0
94,0,1,93,8,93,0
105,1,2,102,11,102,0
111,1,6,104,6,104,0
125,1,8,116,14,116,0
139,2,12,125,14,125,0
157,3,24,130,18,130,0
172,4,27,141,15,141,0
194,4,28,162,22,162,0
205,4,30,171,11,171,0
218,5,36,177,13,177,0
232,5,42,185,14,185,0
250,5,50,195,18,195,0
261,6,57,198,11,198,0
267,6,69,192,6,192,0
283,6,80,197,16,197,0
293,6,88,199,10,199,0
306,7,98,201,13,201,0
335,7,104,224,29,224,0
349,7,118,224,14,224,0
366,7,132,227,17,227,0
380,8,149,223,14,223,0
403,8,164,231,23,231,0
411,8,186,217,8,217,0
421,8,197,216,10,216,0
435,8,210,217,14,217,0
443,9,223,211,8,211,0
465,10,240,215,22,215,0
478,11,250,217,13,217,0
498,11,256,231,20,231,0
510,11,272,227,12,227,0
526,11,282,233,16,233,0
535,11,295,229,9,229,0
539,11,324,204,4,204,0
555,12,337,206,16,206,0
570,12,354,204,15,204,0
581,12,368,201,11,201,0
591,12,391,188,10,188,0
612,13,398,201,21,201,0
631,13,408,210,19,210,0
643,13,422,208,12,208,0
656,13,430,213,13,213,0
670,13,452,205,14,205,0
686,14,464,208,16,208,0
700,15,483,202,14,202,0
717,15,495,207,17,207,0
733,15,511,207,16,207,0
758,15,520,223,25,223,0
775,15,524,236,17,236,0
814,17,538,259,39,259,0
831,17,553,261,17,261,0
862,17,564,281,31,281,0
885,18,573,294,23,294,0
912,22,590,300,27,300,0
937,22,609,306,25,306,0
968,26,617,325,31,325,0
994,26,630,338,26,338,0
1014,26,644,344,20,344,0
1041,26,660,355,27,355,0
1059,26,674,359,18,359,0
1088,26,691,371,29,371,0
1113,27,706,380,25,380,0
1134,30,728,376,21,376,0
1175,31,744,400,41,400,0
1198,34,780,384,23,384,0
1231,34,797,400,33,400,0
1279,38,824,417,48,417,0
1315,38,847,430,36,430,0
1364,40,872,452,49,452,0
1403,40,897,466,39,466,0
1428,40,928,460,25,460,0
1465,44,950,471,37,471,0
1509,45,969,495,44,495,0
1551,47,994,510,42,510,0
1587,47,1012,528,36,528,0
1635,48,1040,547,48,547,0
1680,49,1064,567,45,567,0
1719,50,1084,585,39,585,0
1773,52,1123,598,54,598,0
1810,53,1145,612,37,612,0
1860,56,1175,629,50,629,0
1918,58,1221,639,58,639,0
1967,59,1256,652,49,652,0
2024,60,1304,660,57,660,0
2083,61,1342,680,59,680,0
2135,62,1366,707,52,707,0
2193,62,1403,728,58,728,0
2249,62,1447,740,56,740,0
2336,63,1488,785,87,785,0
2394,66,1521,807,58,807,0
2436,68,1567,801,42,801,0
2504,68,1612,824,68,824,0
2568,70,1649,849,64,849,0
2646,72,1701,873,78,873,0
2709,74,1736,899,63,899,0
2766,77,1783,906,57,906,0
2835,83,1835,917,69,917,0
2910,84,1883,943,75,943,0
2988,86,1938,964,78,964,0
3068,92,1991,985,80,985,0
3163,94,2041,1028,95,1028,0
3237,97,2096,1044,74,1044,0
3331,99,2150,1082,94,1082,0
3414,101,2235,1078,83,1078,0
3487,107,2287,1093,73,1093,0
3562,112,2324,1126,75,1126,0
3645,114,2390,1141,83,1141,0
3741,119,2449,1173,96,1173,0
3833,125,2521,1187,92,1187,0
3915,127,2582,1206,82,1206,0
4010,130,2636,1244,95,1244,0
4110,134,2701,1275,100,1275,0
4214,138,2772,1304,104,1304,0
4325,140,2848,1337,111,1337,0
4444,142,2926,1376,119,1376,0
4551,146,3017,1388,107,1388,0
4640,153,3084,1403,89,1403,0
4744,157,3174,1413,104,1413,0
4857,162,3252,1443,113,1443,0
4975,168,3319,1488,118,1488,0
5074,169,3393,1512,99,1512,0
5203,173,3472,1558,129,1558,0
5341,179,3562,1600,138,1600,0
5485,183,3650,1652,144,1652,0
5628,188,3727,1713,143,1713,0
5752,195,3815,1742,124,1742,0
5885,198,3912,1775,133,1775,0
6035,205,4009,1821,150,1821,0
6134,211,4114,1809,99,1809,0
6248,217,4227,1804,114,1804,0
6374,220,4331,1823,126,1823,0
6500,223,4417,1860,126,1860,0
6647,232,4512,1903,147,1903,0
6759,240,4617,1902,112,1902,0
6918,247,4728,1943,159,1943,0
7047,257,4817,1973,129,1973,0
7202,264,4939,1999,155,1999,0
7320,276,5065,1979,118,1979,0
7468,286,5199,1983,148,1983,0
7593,291,5337,1965,125,1965,0
7743,299,5453,1991,150,1991,0
7856,307,5578,1971,113,1971,0
7996,315,5720,1961,140,1961,0
8129,318,5816,1995,133,1995,0
8282,322,5926,2034,153,2034,0
8413,327,6047,2039,131,2039,0
8571,332,6168,2071,158,2071,0
8702,342,6305,2055,131,2055,0
8838,348,6411,2079,136,2079,0
8981,360,6558,2063,143,2063,0
9127,366,6681,2080,146,2080,0
9276,373,6829,2074,149,2074,0
9426,382,6938,2106,150,2106,0
9569,389,7079,2101,143,2101,0
9696,396,7197,2103,127,2103,0
9823,402,7341,2080,127,2080,0
9958,411,7445,2102,135,2102,0
10093,416,7580,2097,135,2097,0
10214,424,7705,2085,121,2085,0
10352,431,7851,2070,138,2070,0
10499,441,7972,2086,147,2086,0
10619,452,8119,2048,120,2048,0
10743,458,8244,2041,124,2041,0
10864,463,8375,2026,121,2026,0
11020,470,8511,2039,156,2039,0
11156,482,8645,2029,136,2029,0
11275,490,8786,1999,119,1999,0
11372,497,8929,1946,97,1946,0
11476,502,9067,1907,104,1907,0
11583,509,9187,1887,107,1887,0
11698,513,9310,1875,115,1875,0
11801,520,9438,1843,103,1843,0
11903,525,9568,1810,102,1810,0
11997,530,9684,1783,94,1783,0
12086,539,9813,1734,89,1734,0
12180,547,9952,1681,94,1681,0
12274,551,10068,1655,94,1655,0
12360,559,10184,1617,86,1617,0
12456,563,10301,1592,96,1592,0
12551,567,10453,1531,95,1531,0
12651,577,10579,1495,100,1495,0
12739,583,10692,1464,88,1464,0
12835,590,10782,1463,96,1463,0
12931,593,10883,1455,96,1455,0
13013,596,10987,1430,82,1430,0
13097,601,11097,1399,84,1399,0
13155,604,11197,1354,58,1354,0
13231,607,11296,1328,76,1328,0
13328,614,11383,1331,97,1331,0
13392,620,11466,1306,64,1306,0
13448,622,11558,1268,56,1268,0
13519,623,11651,1245,71,1245,0
13579,626,11734,1219,60,1219,0
13651,630,11826,1195,72,1195,0
13715,633,11918,1164,64,1164,0
13777,637,12014,1126,62,1126,0
13822,644,12095,1083,45,1083,0
13881,648,12187,1046,59,1046,0
13930,651,12280,999,49,999,0
13974,655,12358,961,44,961,0
14016,658,12439,919,42,919,0
14057,663,12492,902,41,902,0
14093,664,12567,862,36,862,0
14133,670,12658,805,40,805,0
14187,671,12721,795,54,795,0
14233,671,12777,785,46,785,0
14259,674,12845,740,26,740,0
14283,677,12902,704,24,704,0
14325,679,12972,674,42,674,0
14348,680,13035,633,23,633,0
14365,682,13095,588,17,588,0
14389,685,13137,567,24,567,0
14409,688,13193,528,20,528,0
14431,691,13239,501,22,501,0
14442,694,13280,468,11,468,0
14455,695,13321,439,13,439,0
14467,698,13359,410,12,410,0
14480,700,13393,387,13,387,0
14502,704,13429,369,22,369,0
14524,708,13479,337,22,337,0
14538,711,13522,305,14,305,0
14554,712,13547,295,16,295,0
14574,715,13568,291,20,291,0
14588,718,13607,263,14,263,0
14607,720,13628,259,19,259,0
14615,720,13645,250,8,250,0
14626,720,13669,237,11,237,0
14632,720,13689,223,6,223,0
14643,720,13711,212,11,212,0
14649,720,13722,207,6,207,0
14653,720,13735,198,4,198,0
14656,720,13747,189,3,189,0
14670,720,13760,190,14,190,0
14676,722,13780,174,6,174,0
14682,723,13801,158,6,158,0
14684,724,13814,146,2,146,0
14691,726,13828,137,7,137,0
14700,729,13845,126,9,126,0
14703,730,13858,115,3,115,0
14707,732,13875,100,4,100,0
14709,733,13882,94,2,94,0
14714,733,13893,88,5,88,0
14725,733,13899,93,11,93,0
14727,733,13910,84,2,84,0
14731,733,13916,82,4,82,0
14737,733,13920,84,6,84,0
14742,734,13922,86,5,86,0
14745,737,13933,75,3,75,0
14748,738,13938,72,3,72,0
14749,738,13944,67,1,67,0
14750,738,13946,66,1,66,0
14753,738,13953,62,3,62,0
14754,738,13962,54,1,54,0
14758,738,13965,55,4,55,0
14760,738,13969,53,2,53,0
14762,738,13971,53,2,53,0
14765,738,13976,51,3,51,0
14769,738,13987,44,4,44,0
14772,738,13989,45,3,45,0
14773,738,13993,42,1,42,0
14777,738,13999,40,4,40,0
14783,738,14004,41,6,41,0
14783,738,14007,38,0,38,0
14789,738,14010,41,6,41,0
14796,738,14011,47,7,47,0
14796,738,14012,46,0,46,0
14804,738,14015,51,8,51,0
14808,738,14016,54,4,54,0
14811,739,14019,53,3,53,0
14814,739,14021,54,3,54,0
14817,739,14023,55,3,55,0
14821,739,14026,56,4,56,0
14825,739,14030,56,4,56,0
14827,739,14033,55,2,55,0
14828,739,14034,55,1,55,0
14829,739,14038,52,1,52,0
14832,739,14044,49,3,49,0
14835,739,14044,52,3,52,0
14840,739,14050,51,5,51,0
14845,739,14057,49,5,49,0
14846,739,14057,50,1,50,0
14848,739,14065,44,2,44,0
14851,740,14068,43,3,43,0
14851,740,14071,40,0,40,0
14860,740,14074,46,9,46,0
14864,740,14077,47,4,47,0
14874,740,14081,53,10,53,0
14875,740,14085,50,1,50,0
14879,740,14087,52,4,52,0
14881,740,14088,53,2,53,0
14883,740,14089,54,2,54,0
14885,740,14092,53,2,53,0
14887,740,14095,52,2,52,0
14888,740,14100,48,1,48,0
14891,740,14105,46,3,46,0
14891,740,14106,45,0,45,0
14892,740,14108,44,1,44,0
14894,740,14111,43,2,43,0
14894,740,14111,43,0,43,0
14894,740,14120,34,0,34,0
14894,740,14124,30,0,30,0
14894,741,14133,20,0,20,0
14894,741,14134,19,0,19,0
14895,741,14138,16,1,16,0
14895,741,14140,14,0,14,0
14895,741,14142,12,0,12,0
